26.5814 29.1863 1
21.9557 19.8144 1
29.9110 21.1640 1
27.6107 27.6515 1
30.4901 25.6046 1
30.1093 23.5633 1
30.8234 30.3379 1
30.1801 24.6173 1
31.1368 23.8264 1
30.1439 29.1934 1
27.9116 22.2353 1
25.4706 21.8933 1
24.6148 15.2054 1
31.1488 26.8468 1
29.2134 26.5073 1
27.4812 28.4241 1
23.3362 28.6714 1
22.2552 23.0779 1
29.0457 27.0648 1
31.0871 30.2222 1
28.3222 26.6103 1
25.8873 34.5481 1
29.6417 20.3670 1
27.2859 29.7639 1
26.5194 22.2807 1
27.2547 31.1859 1
24.2159 17.4574 1
22.3543 22.3576 1
28.7384 22.8003 1
29.0915 25.9148 1
29.7174 25.0647 1
25.1084 19.7102 1
27.2332 29.1310 1
29.1093 25.0632 1
29.7382 22.0150 1
29.9143 21.1843 1
21.1723 31.9478 1
20.1909 30.4963 1
29.5590 22.1759 1
30.1958 20.9985 1
26.3092 18.4753 1
28.5848 26.1959 1
24.3524 30.2838 1
28.7293 22.2426 1
24.7740 22.0102 1
29.3084 20.5555 1
24.7164 19.6836 1
26.3930 24.0317 1
30.2225 28.1543 1
26.9028 31.4598 1
27.1963 16.5876 1
21.2404 30.1033 1
28.4138 30.1172 1
26.1616 18.3488 1
27.1324 20.1330 1
31.2029 30.7791 1
28.8827 30.0854 1
27.1445 34.0703 1
31.8420 26.0321 1
27.1582 29.9304 1
29.2569 27.9239 1
26.0374 23.8213 1
26.6628 29.3345 1
26.7785 30.7486 1
28.2277 28.3067 1
25.7400 20.8938 1
28.5319 23.7918 1
29.2502 23.0569 1
27.6017 20.0153 1
32.8742 22.7424 1
28.6890 27.3535 1
23.5813 31.7447 1
27.8873 29.3702 1
28.9257 21.9476 1
26.1124 28.1573 1
21.9430 18.6613 1
24.5112 28.0727 1
24.9322 22.2660 1
27.6560 24.8264 1
25.8245 19.7094 1
24.0837 28.5352 1
29.1790 28.1681 1
29.7438 25.2834 1
28.2238 28.8574 1
25.5966 20.6873 1
23.3903 29.4517 1
30.1383 26.5625 1
27.0895 17.1999 1
24.3196 27.4419 1
25.5690 19.2102 1
27.1664 19.9394 1
27.5260 17.6975 1
28.1049 28.1087 1
29.2994 30.2969 1
25.2949 30.0835 1
29.9746 26.6804 1
28.4474 24.2110 1
24.1505 28.6818 1
28.9565 22.0811 1
24.4442 20.8554 1
27.5901 31.0405 1
30.4867 24.4443 1
23.9810 30.1890 1
29.2363 27.0620 1
30.4900 29.1505 1
24.2726 28.3923 1
26.5910 30.9036 1
27.9226 27.6502 1
30.5078 22.8748 1
24.7659 32.2515 1
29.0520 22.5309 1
29.5276 21.7537 1
27.3082 30.5433 1
28.4063 21.3245 1
30.3825 20.9707 1
22.2526 22.3440 1
28.6799 24.4100 1
24.1724 35.0695 1
25.0253 20.2639 1
26.1958 19.6504 1
29.1620 24.8777 1
26.7995 27.1923 1
24.4528 31.5358 1
32.5612 23.7704 1
30.6015 20.0753 1
28.1791 25.9189 1
28.9794 28.9714 1
28.6464 21.4551 1
28.3620 26.6902 1
30.9454 25.9653 1
29.0359 27.4430 1
25.4824 19.2402 1
24.3519 27.0922 1
31.0546 24.9075 1
26.8292 21.4137 1
29.2496 18.7626 1
27.1189 29.3544 1
24.6093 26.2267 1
24.2728 20.4840 1
30.4081 25.8410 1
30.1580 22.1805 1
23.7606 20.5816 1
24.5816 28.6883 1
30.7386 29.3113 1
30.7737 29.0489 1
23.0245 23.9024 1
25.4685 24.0360 1
30.2209 22.8214 1
23.5773 30.2407 1
32.2811 28.0870 1
27.1481 25.4335 1
30.6497 26.7175 1
22.6079 22.1811 1
28.0760 22.9457 1
27.9815 20.6104 1
26.5620 30.0800 1
24.7491 30.3863 1
26.0466 21.1766 1
29.6626 22.7515 1
29.3181 26.6917 1
21.8527 26.6146 1
22.4615 22.0678 1
24.7352 30.7327 1
27.3267 21.2822 1
31.2494 23.1308 1
30.7417 24.3724 1
26.6991 17.8836 1
23.5579 19.6469 1
23.3726 32.3286 1
26.3146 31.5140 1
24.1218 30.3642 1
24.3749 21.0920 1
32.9489 24.8799 1
27.7489 20.4393 1
30.6804 20.9141 1
27.2537 28.1787 1
26.4032 21.6099 1
23.6139 17.8347 1
28.1462 27.5615 1
28.2234 23.2926 1
30.4462 30.9320 1
23.7345 19.0016 1
21.9895 21.7180 1
22.8996 20.6874 1
22.0550 28.1923 1
24.8666 29.8097 1
30.3552 20.8723 1
27.6455 29.1647 1
28.6310 24.4389 1
23.9353 22.5070 1
25.1452 30.0714 1
27.4951 23.3661 1
30.8196 19.9499 1
25.4550 20.3842 1
29.1849 26.9380 1
24.4200 16.9402 1
25.5274 32.3570 1
30.0188 28.2260 1
30.5330 21.2222 1
24.4673 20.4242 1
19.4733 20.9152 1
28.4945 23.4337 1
30.8143 25.0947 1
22.2987 30.4291 1
21.3180 20.9908 1
21.8539 20.2698 1
30.4273 19.1281 1
29.1801 23.3224 1
26.8238 21.2514 1
26.8124 18.7467 1
21.5383 17.8322 1
30.1008 28.5212 1
24.3435 21.8072 1
28.6507 23.2021 1
26.2523 30.9804 1
23.4705 30.1406 1
30.6516 22.2731 1
25.9744 27.5606 1
28.9352 28.7783 1
28.1325 21.4708 1
28.7264 28.1581 1
30.6966 28.7719 1
27.6781 30.1889 1
26.6027 24.9608 1
20.4076 28.3026 1
27.3889 20.8400 1
28.9772 24.2459 1
23.8296 19.4751 1
29.7347 31.7094 1
24.7491 31.1203 1
27.1159 20.5539 1
26.9615 27.4046 1
29.6340 22.7229 1
28.2638 18.8631 1
25.5009 27.2013 1
26.5818 17.7862 1
24.1801 30.4612 1
23.0016 28.9187 1
24.9189 21.3099 1
26.3421 27.7389 1
29.5782 21.2494 1
19.9994 29.7753 1
27.0816 20.1046 1
27.6847 21.6768 1
29.2813 31.8835 1
30.5602 22.2683 1
27.8140 25.7751 1
29.7986 25.2527 1
24.0757 22.1160 1
30.1554 28.3725 1
24.7657 26.3509 1
30.2013 22.2878 1
28.6143 25.1658 1
27.1821 21.4918 1
27.4014 29.1006 1
25.6542 32.3336 1
28.6509 30.0698 1
25.1862 30.4715 1
29.3983 27.7517 1
25.8998 24.6525 1
29.6011 28.4952 1
25.0491 30.9456 1
32.9971 22.7437 1
28.8001 32.3566 1
28.9935 24.9994 1
26.1753 30.1454 1
28.9351 29.6105 1
25.8161 18.3162 1
26.8036 25.8735 1
33.2385 27.2777 1
28.7988 28.9641 1
29.7937 25.6519 1
23.3192 18.1492 1
28.2982 28.8581 1
29.4318 21.9448 1
28.8331 17.1290 1
22.7436 21.9719 1
26.4496 20.9503 1
26.3654 18.9270 1
31.1377 27.1343 1
30.9416 24.0196 1
29.8307 27.3264 1
26.5331 23.1197 1
28.1721 24.1454 1
21.0415 27.8170 1
26.0851 19.1267 1
24.4001 30.6719 1
28.6337 18.1599 1
30.2986 24.9871 1
31.4762 28.6405 1
24.5466 22.8839 1
25.4160 31.7119 1
26.3620 28.1909 1
24.6902 20.7025 1
27.7350 27.2490 1
25.0759 30.6551 1
28.9073 29.0303 1
27.4236 25.3019 1
27.6687 26.2013 1
23.6437 21.2783 1
29.3025 23.7676 1
23.3125 32.0246 1
27.3151 18.9764 1
31.2490 24.4812 1
28.5963 32.0992 1
30.4906 26.7120 1
29.0658 25.3811 1
29.2181 30.0799 1
26.9779 31.8978 1
34.0821 22.1124 1
25.6317 30.0710 1
30.5010 26.9265 1
28.8469 23.3398 1
29.2255 19.3927 1
26.2909 22.0056 1
32.4807 28.9096 1
29.6690 23.5980 1
27.5730 19.6290 1
27.9904 24.5725 1
30.1810 26.8186 1
23.2376 23.0320 1
27.4274 20.9101 1
27.6861 28.6179 1
27.4189 33.6319 1
24.9747 19.1368 1
23.1175 22.6463 1
22.9106 16.5874 1
29.3841 18.1199 1
31.7481 20.7862 1
26.8193 30.0984 1
25.3705 21.5735 1
24.3716 31.6120 1
30.3704 21.6271 1
25.4910 30.5415 1
32.0199 25.5502 1
28.4157 30.3438 1
27.2389 27.3535 1
25.5953 18.2910 1
24.9194 32.1711 1
25.6985 29.7117 1
29.6976 28.2102 1
28.9472 23.6944 1
24.5071 18.7139 1
29.1032 22.6089 1
20.7341 20.5794 1
29.7257 29.4722 1
25.6684 22.1488 1
25.7267 19.8679 1
31.4700 23.3702 1
22.6742 21.3233 1
25.8772 19.2795 1
21.8626 24.4737 1
30.3422 28.7172 1
21.9054 19.1735 1
25.0170 19.6924 1
29.8542 30.0522 1
26.7118 26.6662 1
26.6799 33.5063 1
31.4899 20.6569 1
23.7587 24.1597 1
29.0808 27.4083 1
29.4691 21.3581 1
27.2974 28.9380 1
24.0456 21.1000 1
28.1079 24.5715 1
28.1985 20.8817 1
25.9084 30.8787 1
23.3011 28.6186 1
24.6301 28.2953 1
28.6576 28.8999 1
29.9885 28.1822 1
28.6736 26.1153 1
28.2797 24.6982 1
28.3552 24.5844 1
29.1168 23.4402 1
30.1949 21.5924 1
26.3414 29.4786 1
22.5294 33.4943 1
26.3900 21.0549 1
26.7522 21.9044 1
32.2170 28.1290 1
25.0839 33.5722 1
25.4397 31.8446 1
26.1758 18.9807 1
27.7156 20.1767 1
24.4160 21.1307 1
29.1375 23.3473 1
22.7249 20.2272 1
29.8504 25.2438 1
29.4394 23.0879 1
24.9418 30.0545 1
24.8793 28.7047 1
26.3288 22.6934 1
27.6522 29.0141 1
28.1682 32.5895 1
25.6784 18.0898 1
33.2890 23.6447 1
26.5340 21.2027 1
27.0943 30.7948 1
28.0901 31.7196 1
30.2274 27.9023 1
27.9794 30.0221 1
31.3157 21.0906 1
33.1418 24.9031 1
24.1522 20.5701 1
26.2221 32.1246 1
21.6412 26.4320 1
30.4304 25.5969 1
28.3658 22.6519 1
30.5058 29.3046 1
28.4176 26.2934 1
28.5333 24.2649 1
26.2331 18.7873 1
24.1250 18.1613 1
34.0817 26.5422 1
23.1811 29.4001 1
29.5480 19.9996 1
22.7542 31.5426 1
27.4768 29.0861 1
28.5381 25.2344 1
29.7170 27.6467 1
27.8511 23.6615 1
27.0751 27.1557 1
28.0660 19.7504 1
28.6435 24.1553 1
26.7636 25.7690 1
22.1572 30.9594 1
25.3365 23.3627 1
27.2121 20.8677 1
23.5371 32.5584 1
29.2325 27.3913 1
29.0622 24.8687 1
33.0555 21.8343 1
30.0965 26.2758 1
25.5651 23.2782 1
26.6675 28.5477 1
29.4724 24.1832 1
31.7489 28.1080 1
31.0054 30.5336 1
30.7502 24.6547 1
24.5322 19.2762 1
26.7662 30.6062 1
25.4389 20.2409 1
25.1839 30.0105 1
29.2991 17.8380 1
24.8222 31.3350 1
31.7003 26.1977 1
28.6286 29.0493 1
28.1117 28.4397 1
24.3644 20.6299 1
28.7002 20.9481 1
26.1738 18.4057 1
25.6110 29.7605 1
23.7238 27.3043 1
30.0556 26.4059 1
30.5061 26.5594 1
25.1631 20.9710 1
27.6903 32.5392 1
24.1879 23.9109 1
29.2642 24.9023 1
27.5157 27.2474 1
28.2416 21.9819 1
29.3294 22.0475 1
29.9277 22.9358 1
28.4229 22.7779 1
31.2103 27.3951 1
23.2605 29.9945 1
29.1221 20.2484 1
23.3629 20.3037 1
29.7764 27.6693 1
28.4750 20.9646 1
29.2827 26.6290 1
30.9949 26.8965 1
21.4944 19.5293 1
26.1088 28.8542 1
29.1582 24.0186 1
25.6835 21.7830 1
26.8959 26.5830 1
27.7353 29.6466 1
27.1631 30.7088 1
25.0590 33.8824 1
26.4035 19.4866 1
28.9686 23.6332 1
26.1207 21.2550 1
32.3694 24.2477 1
25.2214 18.6484 1
27.6950 30.1260 1
23.4838 19.3668 1
27.6343 19.9098 1
31.6497 27.6807 1
28.0506 19.6071 1
23.5368 23.0070 1
31.4035 25.1731 1
28.8699 28.6051 1
28.1085 30.0523 1
25.2959 17.6788 1
22.3412 31.7149 1
21.4438 21.3354 1
23.0508 19.0502 1
25.4704 18.1848 1
17.5161 35.7866 1
20.1191 37.9527 1
12.3551 39.5811 1
18.0885 32.0704 1
20.7929 35.3387 1
16.2014 30.4886 1
16.2973 34.8084 1
17.7552 34.0673 1
16.8607 35.9195 1
24.4998 30.3190 1
16.9160 32.8316 1
15.1895 40.5332 1
14.1986 33.6017 1
16.7826 33.4681 1
20.3205 28.3747 1
14.7474 34.9521 1
15.8979 39.0352 1
22.0621 36.6282 1
14.9404 33.8127 1
11.3637 38.4643 1
23.0491 30.5136 1
19.2074 28.4442 1
25.2867 34.5216 1
16.6989 36.3490 1
16.3485 35.6995 1
22.3720 29.5418 1
16.8571 32.1257 1
16.1243 35.9903 1
14.5813 32.9277 1
17.7788 35.4331 1
22.1692 32.2304 1
18.0784 36.1902 1
22.3772 29.8060 1
19.1070 33.1576 1
24.0274 35.3479 1
13.4975 38.7030 1
18.6933 33.5608 1
20.8085 27.0199 1
23.2360 28.1650 1
17.1402 32.3271 1
13.9199 37.6092 1
17.2234 34.2244 1
21.1835 32.8218 1
23.1606 33.8199 1
17.6545 30.0190 1
16.7185 35.5263 1
16.2776 40.5000 1
19.4777 31.3588 1
16.2260 27.9471 1
16.6194 38.0472 1
20.3230 32.3700 1
19.0549 32.8043 1
12.8071 36.6870 1
12.9419 36.1525 1
12.8476 34.3688 1
16.8512 38.3217 1
19.0747 32.2739 1
15.4054 36.3149 1
11.8410 37.1046 1
15.3222 36.4625 1
21.4510 35.0049 1
18.5002 30.5673 1
22.0910 29.4997 1
14.0414 37.3691 1
18.0489 35.0808 1
15.1476 36.2918 1
22.4554 30.6477 1
14.7927 37.8469 1
16.8764 31.8331 1
13.1933 33.0267 1
20.5095 32.6775 1
18.7011 32.0111 1
16.1451 39.6614 1
16.1304 33.1276 1
16.1216 41.0798 1
25.9617 31.9507 1
14.0734 36.2351 1
16.1750 38.5995 1
16.5487 32.9549 1
15.3136 40.0247 1
22.9361 32.1039 1
15.5078 32.3247 1
17.4188 32.9061 1
15.1638 33.3134 1
14.2446 37.8527 1
19.1793 32.2464 1
13.0569 37.8176 1
15.4064 37.5827 1
17.6408 33.1366 1
15.8646 35.3773 1
18.3811 29.9444 1
18.4246 36.7736 1
15.7565 35.6360 1
14.6398 35.2550 1
13.6138 34.1272 1
18.4063 32.5440 1
18.7417 31.5822 1
14.0329 39.4967 1
21.4000 28.0821 1
17.2292 30.2748 1
15.4962 36.5949 1
16.8617 35.3481 1
22.8295 31.2396 1
20.1026 32.6748 1
14.9983 37.3134 1
14.3770 36.8740 1
19.4201 32.3265 1
16.0264 34.5795 1
15.4664 32.6067 1
16.9397 33.7456 1
17.2527 34.2771 1
24.5680 28.7055 1
13.4493 40.0525 1
23.0090 31.8392 1
16.2261 32.2509 1
17.1280 34.3030 1
14.3934 37.7396 1
22.1639 30.9918 1
21.0540 31.9315 1
21.1024 31.4386 1
15.5380 35.9431 1
12.9472 37.5443 1
16.2702 40.2612 1
17.7413 32.1293 1
15.1520 34.7425 1
16.4952 33.3917 1
15.5545 38.4577 1
15.8997 32.2353 1
17.0596 31.8488 1
16.4910 35.0606 1
16.2793 36.1001 1
21.1588 31.3481 1
14.9744 37.2184 1
25.0752 31.6004 1
14.6210 30.1714 1
13.5680 36.4475 1
17.3252 32.0511 1
14.5935 36.0267 1
28.0749 28.9236 1
12.4472 35.1617 1
17.8657 29.3198 1
15.8214 33.7717 1
16.8560 26.9292 1
16.4599 30.6747 1
17.7979 35.5637 1
17.8880 34.8374 1
16.5983 28.5127 1
19.0431 39.4884 1
18.4794 34.9775 1
15.4332 40.3715 1
12.8948 36.4686 1
23.5019 32.5579 1
22.7199 29.6793 1
16.2977 38.4710 1
16.1386 30.3327 1
21.2974 29.2271 1
20.7413 33.7477 1
17.2780 29.6383 1
13.8619 36.5195 1
20.1660 29.3639 1
14.9240 35.0868 1
15.6498 38.0430 1
23.4183 31.4762 1
12.7148 36.6043 1
18.6390 31.3933 1
23.4278 31.7059 1
17.4603 30.2503 1
17.7145 32.2739 1
19.7416 31.0267 1
23.9706 33.0283 1
14.2855 34.2502 1
16.5843 37.0112 1
16.8688 41.9394 1
15.3558 29.0898 1
14.0278 39.9508 1
19.6843 33.6151 1
18.3834 35.4397 1
16.6454 33.9362 1
16.5942 31.9143 1
15.7797 31.4500 1
22.3400 29.8857 1
14.6844 37.0081 1
23.8727 32.9291 1
15.4317 38.5306 1
16.6073 31.5690 1
15.6678 41.8772 1
14.9468 38.0441 1
21.0966 30.5344 1
18.5981 30.3909 1
14.6521 33.7110 1
17.7483 36.0222 1
15.7595 34.2462 1
14.0216 38.3577 1
16.0600 36.2603 1
14.3484 37.6156 1
14.9479 35.4585 1
16.6767 34.9680 1
17.0272 32.6662 1
16.0779 36.8295 1
17.2986 31.9018 1
15.0874 40.2046 1
13.7581 34.9921 1
15.7884 40.2245 1
18.0575 34.4477 1
16.1272 37.9585 1
16.7623 38.5466 1
16.3229 37.0865 1
16.8948 34.7921 1
19.3186 30.9615 1
18.4954 29.1293 1
16.7702 43.0184 1
19.9469 32.3568 1
20.2226 32.1298 1
17.2794 35.7140 1
20.6216 33.0007 1
18.4942 32.4078 1
13.9209 36.4798 1
18.5064 34.3527 1
19.3632 33.2924 1
20.7106 31.8297 1
14.7700 34.9032 1
19.6862 33.9919 1
15.6164 39.1862 1
16.6902 36.2234 1
18.4890 29.0021 1
17.8181 33.6494 1
17.5463 29.7738 1
26.4527 31.0026 1
20.7899 33.3518 1
14.3403 33.1509 1
14.5721 36.6973 1
16.8238 35.5655 1
17.6060 37.6890 1
16.6560 37.2860 1
16.1572 34.2918 1
22.2535 30.8319 1
15.6852 37.6954 1
15.7024 31.0095 1
17.7734 32.2637 1
17.2511 32.4267 1
17.7580 34.1333 1
24.3387 30.4893 1
18.7048 33.0193 1
18.0367 34.1590 1
15.5689 38.8719 1
21.7739 31.6926 1
17.8659 31.8782 1
16.1894 31.8015 1
20.5590 30.2984 1
23.8747 28.6945 1
14.0292 37.6473 1
15.4874 34.7210 1
16.5169 36.0139 1
17.3360 30.9519 1
21.7137 31.2665 1
13.0383 38.9162 1
25.5101 30.4715 1
14.9673 36.9640 1
19.0824 32.0882 1
24.0776 30.0077 1
16.6381 40.1734 1
16.0076 36.4697 1
15.7000 36.8032 1
21.1280 31.3609 1
14.6418 38.8410 1
18.6992 31.4868 1
15.5843 35.8283 1
14.5409 34.9043 1
11.8948 39.2394 1
20.3618 33.2402 1
18.9017 34.7219 1
18.7089 35.6158 1
16.9440 33.3343 1
15.5139 33.6089 1
14.8834 37.3766 1
17.8509 28.5125 1
19.3424 28.5307 1
18.0362 34.5481 1
17.8317 38.4803 1
16.7242 31.2222 1
15.7731 37.4724 1
19.8646 34.4543 1
15.4832 39.0453 1
17.4921 33.4607 1
18.4696 33.3513 1
20.0448 32.4595 1
18.6634 31.4154 1
13.3933 39.6182 1
18.2421 30.9084 1
18.0888 34.0019 1
23.3674 30.6913 1
17.6792 37.7410 1
20.3134 30.4992 1
19.7340 33.3255 1
21.7390 31.0532 1
14.7672 36.9685 1
19.8850 34.9978 1
20.3531 31.9730 1
20.3455 31.6589 1
16.8627 36.4269 1
24.5526 30.2035 1
21.8835 31.1605 1
16.1890 34.8335 1
25.0532 31.6801 1
21.1871 33.8171 1
19.0939 33.2151 1
16.9519 31.5259 1
18.7807 33.0716 1
17.9301 34.0147 1
15.3574 37.8057 1
17.9435 33.8619 1
20.3360 32.6765 1
22.9290 30.3081 1
17.2794 32.7304 1
17.9910 38.0845 1
19.1159 30.3810 1
15.8665 35.7053 1
16.5446 29.3768 1
14.5823 36.7937 1
17.7701 36.0944 1
16.6786 37.2184 1
18.9646 31.3174 1
23.5224 31.9935 1
16.2193 34.5371 1
17.0834 37.0592 1
20.3635 30.1489 1
16.8233 32.2841 1
15.0629 41.5462 1
16.9768 33.3977 1
22.3855 33.3823 1
18.9101 30.1192 1
19.6358 31.1075 1
23.8823 26.9436 1
19.0809 32.7973 1
17.6978 41.0180 1
14.9628 34.7366 1
15.6903 36.5059 1
17.6532 32.4414 1
19.5475 32.0622 1
18.6423 32.0306 1
18.8310 31.4736 1
20.9827 30.9239 1
16.3571 37.9440 1
19.9161 33.4822 1
17.4381 32.3824 1
16.2424 34.2380 1
19.3865 33.1881 1
20.8818 30.4593 1
13.7769 36.2730 1
13.5069 40.9024 1
16.3547 35.2659 1
13.7133 34.8276 1
22.8825 32.9817 1
15.2070 38.9873 1
22.0832 32.7617 1
23.1246 32.2984 1
19.5373 32.7786 1
14.4578 36.4081 1
18.5400 34.1386 1
16.8504 40.5224 1
16.9375 32.1922 1
18.0680 31.5662 1
22.1551 28.8200 1
17.5315 30.3258 1
18.4878 31.8442 1
19.1626 32.9394 1
22.2641 29.8409 1
13.1987 39.9943 1
16.2624 39.1214 1
18.7898 33.1397 1
18.5353 32.5095 1
19.3703 34.0277 1
15.6897 39.5806 1
14.2134 33.8270 1
18.3356 34.7795 1
23.3288 31.0841 1
17.2123 33.6956 1
18.0332 34.3940 1
17.8885 37.4026 1
15.1269 31.9301 1
20.8668 28.7519 1
25.8619 33.4409 1
16.6429 37.7700 1
20.7889 32.2135 1
18.4291 34.7398 1
16.2462 34.3979 1
16.4521 38.8662 1
20.1239 32.9098 1
22.5575 27.9389 1
21.9129 30.2834 1
17.5669 38.9050 1
13.7372 36.1942 1
12.5013 40.6241 1
17.7538 38.2449 1
21.5207 32.9810 1
11.1568 34.7364 1
21.2514 30.5331 1
20.2851 30.0622 1
15.4171 35.4793 1
18.9310 31.9719 1
19.7888 32.5782 1
18.1901 30.4955 1
18.3462 31.8954 1
16.4967 38.3755 1
24.8254 31.2787 1
16.0447 36.6010 1
16.1778 35.0495 1
23.1954 30.7628 1
17.7196 33.2980 1
20.4634 31.1437 1
15.1661 31.5247 1
16.4405 30.1841 1
15.1123 39.3980 1
18.3706 37.3445 1
15.6359 40.2811 1
17.8830 32.5888 1
18.1180 33.2632 1
16.1141 34.7236 1
13.6799 40.3814 1
13.1357 35.0959 1
20.2028 30.4976 1
21.3387 33.0366 1
18.4158 33.0546 1
16.6650 33.9562 1
20.2808 29.3443 1
20.2946 34.9431 1
19.5664 34.6749 1
14.7015 37.8819 1
22.6664 30.2333 1
18.7732 32.7902 1
17.8943 39.1112 1
15.5541 31.5669 1
15.5452 37.5920 1
15.6798 35.2605 1
15.9872 33.4879 1
13.4565 35.5684 1
15.9679 33.7987 1
14.9593 39.8103 1
16.9321 39.6566 1
19.3969 32.7767 1
14.2109 31.3282 1
19.4761 31.8906 1
18.7156 32.3976 1
17.0371 34.1790 1
17.7905 38.4056 1
20.3346 34.8990 1
15.8139 31.5015 1
14.9630 37.9156 1
12.3143 37.9321 1
19.2536 32.1454 1
19.4318 31.7431 1
13.8768 38.7670 1
19.1214 28.3031 1
17.1954 31.9969 1
16.5114 35.9967 1
16.3219 29.2660 1
15.9352 35.8512 1
21.1777 34.2710 1
14.7589 37.4993 1
18.1755 39.0312 1
15.6363 35.8274 1
15.1315 37.6078 1
20.8523 31.6757 1
16.8707 34.1131 1
17.4326 38.8655 1
15.1957 34.1910 1
19.8352 29.0642 1
20.1102 33.4601 1
20.7345 29.3284 1
18.5648 29.9105 1
18.4638 34.3575 1
17.5880 29.7888 1
12.8766 36.2648 1
19.6549 31.5307 1
21.3622 34.1313 1
18.7014 32.2042 1
19.8113 30.6954 1
22.9830 32.2871 1
11.9264 36.2674 1
16.4255 34.3667 1
16.2680 30.9965 1
20.5974 34.2717 1
19.3384 34.0664 1
21.0284 29.9820 1
18.0597 32.1782 1
22.6963 36.7484 1
19.4475 32.5826 1
21.9691 32.6936 1
21.4535 32.4671 1
19.9079 29.1614 1
17.2757 33.8642 1
19.8990 29.7381 1
15.9073 38.5555 1
12.9336 39.5357 1
20.0724 28.8437 1
18.9135 31.9222 1
21.0379 30.5926 1
17.6830 33.6435 1
19.7438 29.8898 1
22.8161 31.1030 1
19.9393 16.4858 2
21.4410 17.3532 2
19.0137 17.5150 2
21.4046 16.2445 2
22.2323 13.9886 2
20.9274 17.4471 2
21.9194 13.3477 2
22.7826 18.5236 2
25.1325 22.5836 2
24.4967 24.3009 2
25.5735 16.1787 2
20.1249 19.5050 2
18.4806 21.1365 2
24.3569 15.9201 2
19.5535 20.6264 2
20.2953 19.2735 2
22.1556 17.0763 2
20.0221 20.3133 2
24.5225 16.8797 2
21.4602 20.4885 2
19.9210 21.0370 2
22.2804 19.1011 2
18.4082 14.9124 2
20.1280 13.0357 2
24.1053 22.2420 2
19.3734 21.4342 2
20.0344 23.2524 2
22.8533 18.0508 2
21.4122 22.9951 2
20.8961 15.1309 2
26.2401 12.6305 2
22.6073 25.2041 2
17.7565 20.1667 2
20.4921 23.1330 2
24.7030 16.6784 2
19.7574 19.3905 2
21.8168 14.4391 2
22.1034 25.9378 2
19.1577 20.9623 2
21.7984 22.8707 2
21.5921 24.9473 2
20.5157 24.3674 2
24.1111 22.5128 2
24.8363 13.9811 2
25.8596 26.8876 2
23.7111 15.2950 2
25.5708 12.8816 2
24.5999 26.6636 2
26.8352 14.2020 2
26.7726 14.5512 2
25.4602 19.4486 2
24.2286 25.4980 2
21.9963 14.9702 2
29.4226 14.5154 2
22.8915 24.2843 2
23.5362 15.8890 2
17.7895 23.5888 2
26.3307 16.7527 2
25.2018 16.2081 2
19.2005 15.3576 2
24.5048 27.4881 2
22.5051 21.9319 2
24.6026 23.4151 2
30.2160 25.3526 2
20.7754 23.1772 2
25.2863 28.5030 2
20.1652 15.8610 2
18.6771 21.7449 2
26.6818 24.0821 2
23.4610 15.9387 2
20.4909 18.4001 2
24.1844 17.9014 2
23.1833 28.1182 2
21.7625 16.1706 2
25.5550 10.5543 2
27.0291 24.3525 2
24.2889 23.3531 2
20.5108 20.3582 2
26.0861 23.3331 2
23.6544 29.1010 2
21.7780 17.2109 2
27.7618 14.8042 2
24.3557 26.1268 2
23.2823 25.1007 2
18.5262 19.2550 2
27.0992 15.5743 2
22.4709 13.0147 2
22.5534 23.9998 2
18.6245 18.2744 2
20.8154 23.8314 2
21.6897 25.9197 2
21.7853 13.8983 2
20.8941 16.9881 2
16.9976 19.0773 2
21.2474 22.8246 2
26.9842 13.0936 2
22.3916 13.7572 2
21.6523 19.9007 2
22.0427 17.0908 2
17.8419 15.9067 2
27.4362 22.6056 2
26.9517 24.7686 2
22.7454 23.1758 2
19.1960 19.3487 2
22.3950 25.8032 2
25.3699 18.2101 2
23.0324 20.7522 2
26.3718 22.8601 2
20.1019 18.4551 2
21.4255 24.9027 2
24.7113 12.8795 2
23.7245 17.9660 2
21.2360 24.7381 2
21.9538 15.4855 2
22.5379 14.9347 2
23.8515 14.5703 2
23.4074 14.6406 2
19.4936 20.0304 2
20.5157 14.9954 2
18.8124 23.2422 2
20.3095 15.5038 2
22.7135 22.8545 2
19.7392 18.1919 2
22.5054 15.5030 2
20.2430 21.5545 2
19.7510 17.9670 2
19.9092 19.4110 2
24.2284 16.6144 2
28.0959 14.6339 2
22.8194 17.4626 2
23.6726 26.6090 2
20.6377 14.5738 2
20.4063 16.1497 2
29.1321 16.5277 2
17.3449 19.8862 2
24.8536 16.1130 2
19.9323 18.5107 2
20.6697 13.6775 2
25.3234 27.9161 2
20.9483 22.4663 2
23.5300 16.3828 2
24.8020 12.4028 2
23.8064 14.7028 2
23.5082 24.6916 2
21.8633 16.6768 2
19.7650 18.2418 2
25.4791 23.7225 2
22.8845 21.1423 2
26.6453 24.9545 2
22.6588 18.7373 2
25.9204 13.2566 2
20.7315 15.4907 2
26.2524 15.4637 2
18.3806 20.5140 2
22.2893 22.6981 2
28.3866 28.0487 2
23.5296 24.7074 2
23.2605 16.4540 2
20.9195 15.6404 2
20.3099 18.4768 2
21.3916 19.9665 2
24.8421 15.8229 2
30.2590 16.7366 2
26.6476 16.7679 2
22.9482 28.5329 2
25.5231 13.8385 2
20.2209 15.6646 2
25.0804 24.0049 2
21.7892 20.5475 2
24.8130 25.0189 2
20.1610 21.5265 2
24.8851 22.7477 2
25.2501 22.5380 2
20.8006 20.7699 2
22.0790 19.1903 2
25.8402 25.1181 2
20.9212 19.3509 2
24.0062 16.2802 2
20.0066 19.3768 2
20.4724 23.9402 2
25.8627 17.9658 2
23.4055 24.9328 2
27.7841 10.0155 2
21.7328 16.5294 2
20.2749 14.8756 2
25.3835 16.2054 2
18.2150 18.9839 2
27.7454 24.3175 2
18.7490 22.1403 2
24.1962 22.5663 2
26.2447 23.4554 2
22.9182 12.7882 2
24.0452 14.8286 2
20.4512 16.8413 2
18.7389 20.1164 2
18.3734 21.3523 2
18.9659 17.6532 2
23.0304 25.2838 2
25.3299 24.9975 2
21.0326 17.1612 2
21.5135 17.8504 2
20.2675 23.4237 2
26.0208 16.2872 2
24.6521 24.5269 2
23.9165 23.4970 2
23.3830 12.7047 2
18.6165 24.2506 2
20.3031 18.1970 2
20.2964 21.1566 2
22.0846 21.4747 2
23.5283 14.6261 2
22.7362 23.2075 2
27.3745 21.5231 2
22.0448 14.3945 2
20.2469 19.7652 2
19.4610 17.1337 2
22.1522 25.3505 2
22.8287 23.5312 2
22.0121 17.5507 2
24.4115 26.2234 2
25.7773 15.5217 2
20.3220 18.1879 2
21.9029 23.9219 2
21.2346 22.4697 2
22.3630 22.9327 2
19.1879 18.2327 2
18.6410 20.8707 2
25.5250 27.6424 2
26.2639 24.9373 2
17.2814 22.6944 2
20.2177 15.2451 2
28.5363 11.7837 2
22.9784 24.6486 2
22.9487 24.0335 2
19.4818 21.0874 2
20.4031 24.6328 2
26.9045 25.0522 2
24.6711 14.6104 2
22.7692 18.6966 2
21.5224 14.9840 2
27.0315 15.2777 2
19.7620 22.7864 2
20.3912 25.2436 2
21.8506 19.2566 2
23.1750 25.1545 2
30.8927 24.3981 2
22.0754 14.6367 2
20.8185 23.3301 2
18.7973 23.2686 2
27.4756 27.7902 2
24.3369 13.3952 2
26.4110 24.6137 2
24.8908 13.5252 2
26.0914 14.0170 2
26.2597 15.0906 2
22.0190 13.6856 2
23.5279 27.0974 2
18.4221 19.8589 2
24.7275 23.4283 2
22.3042 16.5375 2
28.8132 14.5744 2
18.7526 21.9919 2
24.2339 22.4925 2
19.3601 24.5640 2
18.6559 20.4250 2
22.2099 16.1862 2
21.9513 18.9682 2
23.9694 14.6605 2
23.5040 12.5409 2
19.9049 25.7101 2
19.5868 18.6811 2
18.0411 22.5032 2
19.2261 17.2666 2
27.2618 17.8010 2
20.4958 18.0349 2
26.3333 23.1858 2
19.6359 17.0367 2
20.5564 21.3046 2
22.0589 18.3574 2
18.8929 20.8971 2
20.6418 20.8698 2
16.5549 18.2756 2
22.8144 16.0092 2
21.2131 25.8901 2
24.5919 17.6503 2
23.2636 27.2391 2
23.0456 23.5786 2
21.3516 17.4940 2
19.4511 16.3247 2
20.7961 17.8464 2
24.3025 25.3841 2
25.0477 24.9239 2
21.6137 18.5201 2
19.4407 24.8049 2
27.8952 21.6837 2
19.7492 19.3976 2
23.9250 23.3954 2
27.9159 14.7888 2
18.9963 25.3863 2
23.7682 15.0600 2
23.8856 15.5271 2
19.6960 18.1298 2
26.2192 25.7770 2
19.6000 24.2152 2
19.9960 22.9535 2
23.9095 25.6365 2
23.8598 18.5213 2
18.2900 20.8647 2
21.9435 17.3680 2
22.8304 12.7763 2
22.1753 19.9768 2
25.6359 20.7599 2
22.6538 15.4498 2
26.2828 15.6483 2
18.2937 24.7869 2
25.3817 13.8058 2
28.4804 24.4601 2
15.6773 14.3565 2
25.7590 15.6680 2
22.5184 14.2344 2
26.2235 15.8507 2
17.6814 23.0318 2
19.6713 12.5621 2
19.7464 25.9911 2
19.0979 20.0890 2
24.3394 22.4221 2
24.7996 17.5711 2
24.9624 13.7699 2
22.7171 14.7721 2
27.4573 14.5810 2
18.2229 18.4571 2
21.6950 20.2702 2
20.7347 20.6424 2
20.8285 23.7659 2
19.8829 17.2158 2
29.5348 27.2145 2
22.0715 24.0589 2
24.4763 23.2844 2
22.1942 25.8477 2
21.6723 17.1425 2
19.9510 22.4722 2
24.8326 18.0548 2
21.9445 16.8410 2
20.4557 14.1694 2
24.4473 13.3152 2
20.4281 25.2500 2
26.5519 12.2832 2
25.5126 22.8157 2
23.0103 26.9627 2
26.7343 24.9871 2
20.2493 20.1075 2
20.5341 25.3054 2
25.7289 22.7020 2
21.0655 20.2138 2
19.6112 19.6674 2
25.6786 14.1918 2
24.0863 12.2212 2
20.1481 25.0223 2
23.8968 21.6712 2
20.2020 18.4989 2
26.8777 14.2767 2
17.0138 20.8428 2
26.8891 24.1517 2
17.6909 24.9074 2
20.6055 23.1819 2
21.4028 19.6545 2
23.4702 15.3125 2
27.5157 12.3226 2
21.2779 20.6230 2
28.9904 16.5143 2
21.3426 20.1158 2
28.1726 22.4709 2
22.2367 20.7662 2
21.8415 25.7190 2
29.3904 23.4840 2
22.5693 20.9844 2
22.0044 25.1496 2
22.1310 24.5739 2
27.9019 15.1639 2
16.9226 20.0681 2
26.4378 14.7519 2
21.9151 21.3379 2
19.2134 13.4796 2
26.9923 16.2723 2
20.9033 23.0994 2
20.6533 22.5408 2
28.1111 24.8586 2
22.1743 13.7485 2
21.8841 23.7497 2
24.6777 16.0294 2
21.9426 16.8875 2
22.4744 17.0984 2
25.1550 24.0559 2
20.3680 20.2649 2
21.5240 15.4553 2
22.9939 13.6978 2
20.2181 21.3286 2
26.0652 16.2388 2
21.8725 27.1363 2
18.5214 24.1397 2
18.7532 21.3837 2
22.3530 15.0956 2
25.4441 14.5611 2
21.8949 26.4803 2
29.4486 15.7104 2
19.1348 17.9255 2
16.5797 20.1396 2
21.1018 17.0828 2
18.6624 22.3962 2
21.0459 18.0247 2
16.5874 19.7012 2
22.7375 19.9353 2
19.8601 25.7486 2
21.0241 15.8912 2
23.1427 15.0008 2
24.0764 14.0378 2
26.8919 11.5523 2
30.1452 23.6599 2
21.9029 15.1649 2
22.8836 16.1514 2
20.8921 19.0043 2
22.3235 14.9991 2
24.3911 14.4488 2
21.6337 26.8805 2
21.8031 19.3800 2
21.6148 27.3322 2
20.6340 20.4229 2
20.7091 18.6713 2
22.1635 20.9144 2
24.2340 25.1345 2
21.6233 23.3328 2
26.7190 25.2275 2
22.4233 17.3658 2
27.4402 13.1201 2
21.2479 20.9001 2
24.1743 15.1106 2
22.5028 24.6702 2
20.8435 13.4638 2
18.3114 21.5170 2
20.6524 17.0770 2
19.8238 18.7779 2
19.2817 25.8801 2
24.5852 24.8916 2
21.9448 16.4410 2
23.7833 22.2564 2
16.7859 18.1420 2
19.8464 22.4639 2
22.9224 18.7929 2
21.6842 18.1774 2
22.1201 20.6853 2
19.3220 18.4855 2
23.3517 16.7984 2
19.4958 16.3387 2
23.3576 14.9368 2
30.4617 27.5781 2
22.5764 26.1660 2
23.4110 22.6495 2
20.3307 15.8404 2
24.3538 21.6074 2
22.4982 22.4707 2
19.5568 17.7493 2
21.7841 15.6134 2
22.9296 19.3599 2
21.6686 14.8208 2
22.0975 21.7053 2
20.9543 24.6148 2
21.8763 17.4969 2
21.3812 24.2401 2
22.5172 20.3112 2
26.8544 25.4295 2
19.2882 18.9490 2
21.0161 17.7324 2
28.2047 13.3272 2
24.6335 13.2673 2
22.6847 15.6229 2
18.7750 17.4713 2
20.7010 17.3417 2
22.1564 16.0707 2
25.3160 27.0446 2
19.2177 14.7245 2
22.3133 16.0640 2
26.3507 23.2855 2
18.8579 19.0196 2
20.9902 22.0308 2
25.3990 26.6135 2
26.5612 12.8713 2
28.9334 25.5216 2
24.6096 14.0124 2
26.6800 21.9780 2
20.1565 17.5476 2
21.7886 20.4707 2
24.2387 22.2676 2
22.3109 18.8203 2
24.2929 12.9347 2
20.0062 21.9782 2
24.2543 20.5723 2
23.2336 16.9500 2
24.9623 12.5063 2
21.0948 26.0870 2
21.5850 23.4587 2
17.9438 22.6920 2
22.5478 26.4801 2
21.1219 23.7317 2
23.0629 20.8277 2
24.4914 23.6429 2
18.6981 23.7433 2
24.1838 17.6960 2
18.6674 20.2347 2
19.9729 23.1228 2
19.7650 14.2955 2
23.5537 12.7605 2
23.9171 21.9926 2
23.1856 22.2532 2
21.9408 17.3035 2
28.8033 15.7944 2
20.9188 22.9596 2
25.6174 27.5170 2
19.2908 19.7623 2
24.4464 17.2424 2
27.3921 25.4917 2
24.9722 26.1877 2
22.1862 15.7163 2
18.4364 19.4499 2
17.4275 21.0297 2
23.5876 15.3722 2
19.7585 22.4046 2
19.8476 23.6655 2
20.2508 17.2470 2
23.5965 25.9400 2
21.1196 27.6471 2
23.8436 24.9619 2
23.0112 25.8833 2
22.6210 22.3296 2
23.2888 16.5708 2
23.0549 25.2467 2
23.2312 21.7970 2
20.9185 19.9113 2
25.8201 24.6305 2
18.9248 24.5010 2
19.6785 18.8721 2
20.4874 23.3817 2
20.1876 20.7937 2
19.7377 20.6775 2
22.3543 13.8908 2
24.7279 26.8261 2
27.9310 15.8331 2
18.3974 17.1479 2
21.6592 21.2414 2
20.7627 15.7787 2
22.9380 14.8528 2
25.9458 27.1995 2
23.2900 15.6174 2
21.1236 17.1132 2
18.3626 19.4701 2
17.9183 15.9258 2
23.5459 23.0969 2
19.1853 15.4411 2
22.7957 23.9998 2
18.4713 15.3474 2
21.6904 17.0272 2
25.9866 19.5940 2
26.1628 13.3433 2
20.2314 22.0116 2
27.1067 17.5496 2
22.3430 22.4636 2
20.3717 14.4031 2
19.1673 20.1336 2
25.2067 28.1762 2
26.1996 22.1777 2
25.4456 23.4517 2
20.9033 21.2992 2
24.8888 16.2752 2
27.5182 15.3782 2
19.9156 19.8472 2
22.8511 25.2859 2
21.7186 22.1157 2
24.3107 24.7690 2
26.4216 23.3926 2
19.9248 22.0237 2
27.1131 23.8307 2
22.7673 23.4232 2
21.8738 21.6930 2
22.6911 13.6834 2
21.2971 15.1354 2
25.0471 15.2261 2
21.4146 22.5819 2
18.8489 26.0372 2
21.6945 16.6986 2
21.9354 23.5249 2
27.2267 14.0223 2
26.2887 23.4180 2
21.4778 16.2322 2
24.0909 25.2933 2
18.0422 21.1749 2
19.1085 22.0941 2
22.6582 26.6458 2
25.7793 19.0729 2
19.6384 15.1426 2
22.6979 24.9715 2
28.4703 24.6093 2
26.4121 27.3587 2
22.0031 24.9891 2
22.7029 25.4941 2
23.1330 17.2301 2
18.3820 17.1308 2
21.1679 19.2586 2
27.0160 26.0366 2
22.4577 13.8052 2
21.8712 23.8220 2
21.3254 23.3280 2
25.6811 14.6766 2
24.5427 23.0560 2
19.8738 23.0824 2
23.1001 12.9611 2
18.8141 21.4205 2
23.8364 16.9093 2
23.8365 15.0232 2
22.3946 22.9066 2
24.7838 26.9580 2
22.3181 17.4937 2
20.0814 18.8684 2
23.8839 12.7322 2
25.5834 13.4657 2
22.1614 23.6356 2
20.8938 23.6543 2
21.0678 15.6566 2
28.4250 14.7073 2
19.4041 20.6473 2
19.2540 21.0044 2
19.5080 21.9759 2
21.8398 15.0005 2
22.5061 17.1171 2
27.8383 22.4562 2
20.1744 20.2268 2
23.0680 21.8749 2
22.5762 19.0366 2
27.3487 24.1961 2
22.9254 24.2505 2
16.3935 19.8905 2
24.0953 26.9053 2
23.1994 17.0887 2
23.1870 19.3871 2
27.9182 16.7908 2
18.1024 19.1834 2
19.3882 18.4313 2
19.0708 25.5756 2
21.5868 17.3982 2
22.0388 22.8914 2
17.2563 15.8275 2
23.2378 17.1928 2
26.7318 24.8233 2
26.2157 23.7432 2
22.5822 23.7883 2
22.2649 23.5537 2
29.6807 25.3896 2
20.7258 16.0991 2
24.7654 21.4881 2
22.6358 20.8952 2
23.3862 18.6367 2
27.6619 21.5104 2
21.6678 26.8100 2
22.4088 25.4088 2
28.9120 14.3120 2
22.5913 22.7245 2
22.6995 16.5828 2
22.8297 14.3168 2
21.3109 16.9782 2
20.3098 20.7261 2
21.2578 16.9455 2
26.3833 26.9993 2
25.1591 17.9198 2
26.6945 24.6965 2
21.1276 20.0811 2
24.6068 16.5185 2
18.2792 22.3016 2
15.7214 23.3094 2
24.2007 15.0325 2
19.9410 20.4299 2
28.3890 26.1675 2
22.4535 15.6330 2
22.0941 19.1802 2
23.0541 22.9460 2
22.1015 15.8866 2
21.2965 23.9141 2
22.6798 16.8627 2
24.0820 14.2992 2
24.4076 22.1036 2
27.1364 9.3937 2
25.2200 21.6275 2
24.0846 19.0900 2
26.2211 16.1541 2
22.9893 25.2927 2
21.0307 20.0813 2
21.9026 17.6985 2
25.1915 15.1668 2
16.9926 22.3764 2
18.8606 19.3928 2
22.8103 25.1973 2
24.7759 16.3332 2
23.4488 25.4977 2
23.0644 17.9405 2
18.0439 23.4814 2
21.0230 16.4383 2
25.9976 16.4980 2
24.1174 24.9212 2
18.9864 23.2559 2
24.4014 15.2125 2
21.7701 21.5717 2
19.9432 17.8219 2
18.1117 20.8062 2
23.2464 15.9812 2
20.9182 14.2034 2
22.8083 17.1518 2
20.1649 17.9258 2
19.8975 15.7345 2
20.7878 22.9767 2
27.5365 23.3595 2
25.9424 19.6212 2
20.7047 22.9993 2
24.3463 25.2118 2
27.5441 13.7774 2
20.8270 24.7428 2
22.0874 16.9844 2
26.1536 14.3507 2
16.2060 19.8684 2
25.7383 16.2169 2
22.6124 14.9584 2
26.2654 15.0197 2
18.2014 18.5587 2
19.1463 23.7733 2
20.2476 20.1189 2
18.4746 18.1059 2
26.5607 18.0936 2
17.0920 21.0308 2
22.0297 26.0125 2
26.0456 23.4127 2
18.2250 20.3872 2
16.9252 21.3752 2
22.0637 19.1842 2
20.0503 22.7543 2
24.4407 15.6736 2
19.8600 21.5698 2
22.6872 18.7238 2
19.7705 20.3666 2
24.1785 21.1964 2
22.5685 19.6404 2
19.8293 18.4906 2
19.2752 22.2855 2
20.9977 21.9203 2
19.0837 26.2219 2
24.5987 14.8317 2
25.0753 15.7281 2
21.8998 24.9908 2
19.0073 13.8553 2
20.8980 22.1113 2
26.5690 10.5277 2
18.7286 23.3481 2
25.1870 22.6022 2
18.6875 17.6657 2
21.7802 19.5459 2
23.6753 25.2814 2
25.2179 24.7686 2
21.2277 20.9807 2
24.4216 23.4985 2
30.4979 26.8702 2
26.6677 22.5533 2
19.8614 20.4198 2
25.9448 17.8486 2
19.5752 16.8788 2
22.5341 22.1458 2
21.5772 23.1216 2
18.3974 17.8862 2
20.1303 15.2639 2
21.2618 20.9635 2
21.2470 20.6478 2
26.3531 15.4441 2
21.0384 18.3735 2
23.6458 18.8687 2
20.2249 22.0573 2
23.0771 15.8597 2
23.5967 16.2663 2
22.2905 16.7365 2
19.8813 18.0727 2
26.8357 25.1271 2
20.1655 29.3870 2
18.4022 22.0955 2
22.8567 26.3607 2
26.5520 27.1512 2
29.1845 21.9841 2
22.5996 17.2585 2
22.7080 16.0337 2
20.0870 17.2274 2
24.5571 17.4265 2
20.2101 25.9427 2
20.5434 17.3096 2
19.2636 16.4412 2
27.4334 13.1579 2
22.9565 15.2524 2
20.7669 16.0145 2
22.0553 13.3990 2
22.5611 23.5589 2
24.8809 23.9823 2
23.0415 22.0744 2
20.8788 22.6197 2
24.6627 25.3009 2
23.7803 25.0257 2
24.7371 12.7138 2
24.5728 25.4782 2
19.1003 15.7633 2
21.1574 16.3594 2
20.4612 23.0099 2
17.3484 21.1230 2
20.6437 16.2681 2
21.2546 20.3590 2
24.2966 18.3100 2
17.1541 20.0615 2
27.3099 23.5793 2
22.1937 17.0590 2
21.9998 24.6749 2
23.9942 16.0464 2
30.4761 15.8863 2
21.0198 22.8173 2
18.5764 26.7738 2
18.5384 20.9490 2
27.3538 25.4259 2
24.3796 15.0502 2
19.8825 18.1976 2
26.2234 15.0198 2
22.7328 19.0355 2
25.7213 28.5301 2
23.5527 12.1081 2
21.3352 24.0483 2
28.0483 27.5178 2
19.8100 20.4711 2
21.1611 18.2829 2
27.1031 26.6279 2
23.5202 19.1148 2
26.5659 24.0930 2
19.6996 17.0900 2
21.2226 14.1120 2
20.1727 15.2366 2
20.5049 23.9743 2
17.5637 21.3051 2
19.1326 19.4879 2
21.0085 21.7771 2
27.6163 15.6762 2
17.9082 19.3003 2
22.3916 27.4994 2
27.0201 25.3835 2
18.1517 20.7936 2
22.1005 18.7271 2
19.9060 22.4771 2
19.0318 22.8178 2
25.3313 26.2167 2
22.4147 21.1732 2
22.3751 24.6383 2
19.0614 21.8885 2
21.6076 22.9584 2
21.8669 17.6651 2
20.9319 15.9355 2
25.9593 17.2850 2
22.2942 15.6218 2
19.9481 21.8115 2
23.0908 22.9822 2
24.0907 26.1801 2
19.6987 26.8634 2
25.4610 14.8650 2
18.3753 23.7547 2
23.8052 23.6601 2
22.2731 17.4406 2
24.6519 14.9784 2
23.8640 20.1481 2
19.5349 14.6387 2
21.4395 21.9006 2
23.7173 18.6836 2
23.5571 15.8319 2
22.3770 16.2509 2
24.5295 22.7264 2
23.3251 24.9089 2
22.8233 17.9883 2
23.9842 16.0836 2
23.3828 29.8105 2
24.2428 22.8967 2
20.8960 22.5017 2
28.8520 23.3415 2
20.7841 23.1458 2
28.3483 25.4842 2
25.1376 16.3106 2
26.8226 17.1594 2
23.6480 15.6377 2
25.6374 11.1827 2
19.0578 22.9709 2
25.3861 24.4353 2
22.9730 15.8861 2
19.6376 21.3944 2
17.7289 25.4741 2
22.2567 17.3309 2
19.3361 18.6223 2
27.4804 17.1906 2
17.4837 19.7757 2
22.8628 21.5947 2
26.8599 14.3833 2
27.5360 14.5869 2
19.6932 22.6122 2
17.9944 17.9427 2
20.9222 16.8984 2
24.6637 25.7955 2
20.3344 16.0531 2
16.5450 20.8483 2
20.9606 20.0292 2
18.3566 20.6322 2
21.9262 21.4386 2
24.1848 20.8207 2
25.7141 23.8706 2
27.3759 17.3329 2
27.1820 26.4022 2
23.4545 26.6381 2
18.7369 21.7315 2
23.8423 14.6593 2
23.0096 23.4072 2
26.0194 25.6014 2
22.9578 20.0180 2
22.4597 22.8401 2
20.9793 13.2021 2
26.8424 12.9336 2
22.2088 22.8732 2
17.4538 18.3434 2
18.9336 23.2819 2
20.0830 19.8284 2
21.2324 16.9689 2
22.7780 25.9797 2
18.8105 26.9024 2
20.4348 18.7853 2
21.2595 21.7930 2
22.1531 21.2437 2
26.5298 16.0188 2
21.4884 16.2543 2
21.9117 13.6124 2
23.9425 22.6863 2
21.4635 23.5233 2
23.6738 13.5058 2
26.0985 15.1909 2
23.9367 25.1266 2
25.1405 16.2784 2
19.1815 13.3088 2
21.7313 24.8692 2
26.1857 13.9150 2
24.6142 25.3886 2
24.6135 15.9675 2
16.9141 21.2534 2
30.2819 16.1298 2
24.8914 24.7499 2
23.3774 17.0410 2
25.1344 15.2735 2
29.0313 17.4476 2
24.4983 14.6051 2
22.3758 19.2408 2
21.1073 21.1396 2
24.2099 14.2897 2
22.9114 14.6065 2
18.5861 23.1262 2
19.6757 14.5324 2
22.4217 24.9774 2
20.1459 20.4298 2
23.5659 24.1028 2
24.4712 25.0335 2
21.5958 15.9197 2
24.0634 23.0491 2
20.9265 19.0153 2
18.3216 17.1286 2
18.9051 17.4878 2
24.7214 22.9069 2
20.1238 20.4028 2
26.6984 22.9290 2
17.6189 22.0265 2
22.5438 27.5185 2
25.5719 15.0865 2
18.8578 21.7091 2
27.0870 24.5993 2
21.7749 21.0954 2
22.5044 24.9779 2
21.9082 21.6013 2
23.9308 23.6309 2
23.6768 13.5139 2
18.4843 23.0043 2
23.6485 25.0339 2
20.9826 23.6855 2
20.2307 25.4533 2
20.7864 16.5970 2
21.2499 23.8555 2
20.5001 20.5292 2
24.1028 17.2732 2
26.5590 22.4837 2
20.7093 22.9461 2
25.4479 24.3182 2
25.4476 26.0313 2
24.5748 16.3638 2
25.3874 18.8480 2
23.7943 22.9932 2
20.3883 21.5525 2
21.7386 31.3979 3
10.3236 42.3074 3
23.7017 25.0224 3
19.1146 28.2520 3
18.1971 31.1827 3
18.7609 31.4406 3
9.0653 36.9565 3
11.9586 32.6301 3
15.5206 38.0429 3
14.2986 34.4553 3
10.8220 39.1432 3
11.8812 32.0470 3
15.8475 31.2251 3
22.9895 29.7133 3
12.7131 33.1182 3
9.3834 33.5568 3
18.2391 26.6904 3
21.8667 29.1300 3
12.2100 35.2911 3
22.7916 25.5536 3
15.3378 31.4736 3
11.5406 36.8328 3
23.6345 25.1434 3
13.2415 34.8394 3
11.4884 33.7833 3
18.6067 28.8216 3
12.2209 39.9191 3
17.7276 28.5879 3
19.8749 24.2208 3
10.1159 35.9640 3
12.3710 40.6733 3
12.6318 36.7947 3
17.5625 31.0571 3
16.6828 29.0548 3
14.2565 28.9445 3
12.6781 32.2270 3
10.1005 34.4917 3
14.6206 25.7114 3
19.4227 27.1721 3
9.6580 36.1752 3
11.6100 30.6766 3
14.8057 28.6082 3
6.4886 35.5504 3
19.2441 33.0635 3
15.6136 31.9798 3
20.2840 29.4664 3
8.2765 33.6212 3
13.1264 33.6803 3
12.6941 31.5582 3
16.8917 29.4730 3
15.8061 28.0808 3
16.6025 27.1500 3
20.8845 27.1239 3
17.5708 30.4664 3
12.3519 38.1252 3
23.5524 26.4084 3
26.0671 28.2270 3
15.4217 30.1958 3
18.8810 27.6642 3
21.7778 29.1826 3
13.4150 37.1344 3
21.6196 32.0077 3
23.7988 28.0618 3
15.1492 27.9439 3
21.5512 28.2270 3
17.0125 29.6110 3
19.9272 32.3606 3
11.5472 34.7785 3
15.3535 34.4161 3
12.5777 35.0129 3
13.6712 33.9901 3
11.2702 43.3070 3
22.2000 29.3287 3
16.6252 29.7620 3
10.9234 35.6802 3
15.1510 29.4188 3
25.3579 26.6745 3
11.6950 36.6111 3
14.6016 29.0826 3
13.4717 30.9914 3
12.1544 35.6366 3
14.3732 33.1209 3
22.6680 27.1520 3
17.1062 26.3912 3
16.8113 25.7401 3
13.7627 33.2226 3
11.1739 33.5642 3
17.9575 31.0596 3
17.5201 27.7542 3
14.3059 32.5402 3
19.8345 27.2043 3
13.1958 29.4511 3
13.5666 32.4819 3
13.0671 38.2708 3
15.2308 30.2647 3
23.5596 27.2761 3
13.1553 32.4848 3
10.5317 35.8000 3
9.7436 35.1039 3
23.6673 25.7955 3
19.5410 30.4866 3
12.9434 32.2959 3
9.6342 36.9129 3
15.0032 32.1365 3
10.5515 35.0518 3
10.5830 35.6214 3
10.5986 35.5070 3
13.3162 28.9220 3
17.1632 30.5742 3
12.2301 32.3535 3
19.1045 27.4341 3
12.3326 40.1133 3
23.7890 26.9464 3
10.1347 37.5324 3
11.7811 34.4293 3
16.3601 28.6128 3
10.4790 39.9577 3
8.6338 37.7496 3
13.2170 35.6068 3
10.5403 36.7256 3
12.2051 38.3121 3
19.9557 23.2840 3
12.4808 36.0189 3
21.1748 27.0304 3
19.8632 29.3037 3
12.8881 30.8167 3
18.0942 27.9418 3
17.6148 26.8652 3
18.8234 29.9135 3
12.1781 36.4954 3
10.4508 38.2559 3
20.1925 25.0385 3
15.7324 31.3578 3
12.6208 36.3070 3
9.5029 32.3594 3
20.6711 23.2354 3
11.0486 34.9878 3
12.9497 34.0887 3
17.6614 25.3421 3
16.6311 28.7240 3
16.6146 27.4316 3
10.8922 39.0884 3
9.6642 33.9918 3
13.3760 33.9400 3
24.0115 27.4150 3
11.3989 37.1806 3
11.6384 33.9834 3
13.6268 36.6058 3
13.9306 40.1668 3
11.0786 38.6070 3
11.8677 36.7345 3
8.8597 33.1046 3
22.4986 24.3885 3
14.5212 31.9073 3
14.5292 30.8092 3
12.8719 34.7278 3
13.9127 36.9885 3
15.8111 31.5671 3
20.4193 28.7473 3
19.5586 27.6866 3
18.9858 26.4220 3
18.7802 29.5439 3
25.5044 29.4451 3
20.0170 28.0648 3
14.3573 33.8167 3
13.2229 30.9967 3
10.0631 35.5404 3
19.2488 24.6727 3
13.9730 30.3176 3
15.0682 29.9624 3
12.8581 40.0758 3
13.4033 30.3279 3
13.9234 40.3831 3
24.0720 29.2348 3
14.6196 32.2290 3
20.9466 27.9836 3
22.3338 29.9004 3
14.5433 28.7086 3
21.3440 25.6833 3
21.6855 27.9009 3
15.4685 31.2504 3
11.1370 38.3206 3
13.7534 33.5266 3
16.9957 27.3236 3
10.8905 31.6150 3
19.7540 27.3864 3
9.6924 42.3177 3
12.1446 39.0027 3
20.4721 28.7916 3
10.3295 32.6765 3
21.6233 29.0441 3
14.9258 30.7990 3
22.0422 30.7079 3
16.5398 29.5513 3
15.2854 27.9811 3
17.6088 29.0904 3
13.7754 30.3006 3
12.5158 29.8491 3
25.3793 28.9867 3
13.8849 30.6267 3
13.0669 36.0344 3
17.8415 29.9011 3
14.2719 31.1961 3
20.6227 28.2433 3
12.7489 35.3842 3
10.2738 41.9637 3
14.7205 33.7132 3
25.0023 26.8460 3
8.2512 36.0064 3
13.8612 38.5959 3
15.2681 28.2869 3
11.0708 40.4108 3
20.6507 26.2840 3
12.1468 36.9224 3
17.9747 26.0767 3
17.8159 27.1457 3
12.7866 35.4278 3
16.8010 27.0614 3
10.8900 35.8637 3
14.8180 30.3392 3
13.8482 29.3228 3
15.1817 29.0852 3
13.4818 34.7936 3
14.1425 31.0773 3
15.3285 32.9624 3
15.3069 31.7165 3
11.5416 30.9047 3
14.6205 32.6660 3
11.3152 35.6341 3
12.6023 34.2025 3
20.6674 25.2976 3
14.4578 31.2563 3
10.9722 33.1850 3
13.5880 30.8312 3
13.6703 32.4771 3
11.2793 38.0580 3
9.7897 37.5225 3
15.7843 38.8720 3
11.2151 40.6350 3
13.2732 35.5559 3
12.6384 39.7824 3
9.4972 38.1082 3
19.6170 26.7429 3
20.8585 27.2018 3
11.0402 33.4047 3
16.0954 37.4298 3
10.2739 36.6042 3
12.8941 32.9236 3
19.0902 28.6415 3
13.2050 40.0586 3
13.5700 28.4693 3
12.7897 39.6066 3
9.7114 35.5071 3
12.0183 38.9352 3
11.9776 32.0660 3
10.4656 40.1840 3
17.4294 30.4044 3
15.1878 29.4540 3
21.0547 27.7091 3
12.6359 32.5192 3
22.3500 25.8583 3
11.9023 34.1713 3
9.4260 39.2428 3
14.0560 33.7490 3
12.6646 32.7023 3
11.3754 28.5298 3
23.2140 27.2056 3
23.1580 31.1510 3
14.0683 31.7413 3
12.7214 29.2897 3
18.7655 23.2470 3
12.2172 36.2354 3
11.8501 36.4773 3
16.0872 28.8597 3
11.8044 34.3946 3
19.9457 27.8923 3
12.8874 38.8860 3
14.9222 33.8143 3
8.0051 41.1720 3
23.9006 27.1802 3
22.0952 29.3692 3
15.4198 30.1916 3
16.2952 27.9491 3
16.1868 32.1246 3
9.8511 41.3239 3
13.3045 30.3200 3
11.1595 31.7406 3
9.2909 36.7318 3
13.9305 29.7485 3
12.4506 34.0019 3
9.8074 34.8160 3
13.1519 30.1911 3
14.4276 29.3849 3
21.2045 27.8095 3
14.1093 31.9225 3
19.8735 27.5764 3
12.5459 32.0080 3
14.8784 29.9600 3
17.4645 31.5442 3
21.9307 26.5992 3
13.2776 39.3735 3
13.5030 30.2874 3
12.8498 32.5763 3
17.9379 34.4856 3
14.5404 31.3456 3
17.8159 30.4329 3
20.0512 28.7849 3
12.7615 30.0822 3
15.2261 28.0753 3
11.9647 37.3726 3
15.7457 28.3928 3
12.1283 35.0157 3
10.4351 34.1467 3
27.7265 27.8059 3
23.0386 29.8054 3
13.3206 35.3709 3
9.0481 36.1283 3
8.3727 40.7563 3
13.3350 38.0906 3
9.3755 40.3864 3
20.3531 28.8528 3
21.8510 27.5418 3
12.1704 30.8571 3
14.3680 32.0881 3
23.0849 27.6634 3
16.6793 29.6764 3
10.8163 37.6949 3
11.6865 36.3376 3
21.8097 30.2458 3
24.7484 29.8046 3
18.2431 26.6666 3
21.2071 27.2840 3
15.6977 32.3830 3
16.5097 28.3070 3
20.6016 28.2570 3
13.9442 30.6809 3
10.3689 38.9515 3
9.9041 37.6773 3
21.4075 26.2821 3
20.0236 28.6573 3
18.7769 29.2581 3
13.7032 36.9360 3
11.7810 39.5691 3
14.3417 38.6813 3
9.3458 37.4756 3
16.2007 29.1798 3
13.7754 34.6685 3
14.5607 33.4224 3
15.4733 29.0312 3
12.8104 33.8928 3
11.2406 33.9187 3
10.7364 36.1762 3
11.4589 33.2257 3
16.6064 30.0854 3
11.2708 31.0021 3
9.4895 40.6293 3
17.1410 28.8227 3
9.7767 37.5446 3
10.6447 38.4399 3
7.0140 41.5650 3
13.3027 38.7246 3
14.5416 34.9049 3
19.4915 28.1412 3
18.1831 29.0032 3
12.0752 38.9371 3
13.7742 29.8147 3
23.1737 27.9741 3
11.9693 34.0399 3
20.7122 28.3676 3
16.0619 30.4155 3
20.5894 27.2362 3
21.3761 26.0575 3
16.1058 31.0271 3
15.1121 29.2098 3
12.0693 31.0687 3
12.9260 32.8461 3
11.7498 31.7220 3
23.9179 31.7258 3
10.0376 41.0650 3
12.9772 34.3032 3
22.2245 29.0828 3
21.6768 28.9546 3
14.6612 33.8314 3
21.1703 28.0556 3
21.6601 27.7330 3
10.3400 39.8436 3
10.8996 41.8668 3
23.1326 28.0502 3
27.9117 26.1339 3
9.4210 30.8759 3
21.3609 30.3754 3
9.4585 34.4393 3
14.1441 29.2466 3
18.2004 25.8993 3
14.7460 32.3892 3
8.4155 33.1311 3
14.4437 30.7341 3
12.8777 28.7223 3
8.9794 37.3199 3
18.3508 29.6972 3
12.2299 31.6779 3
10.3943 33.6647 3
12.0859 29.5350 3
23.2547 24.8819 3
22.6886 26.3706 3
10.6306 33.5334 3
11.9677 33.4572 3
12.9279 30.2231 3
9.4679 32.3288 3
20.8860 27.0459 3
20.2048 27.6165 3
23.2508 27.0273 3
13.3758 29.7655 3
22.5057 32.4898 3
17.9353 31.5713 3
12.4360 38.6207 3
11.3962 37.0047 3
12.6812 28.5329 3
10.4538 35.6630 3
11.9019 29.5831 3
10.1506 35.2221 3
10.4017 28.4777 3
16.7490 30.4395 3
9.8924 35.1466 3
11.7585 33.6114 3
9.6267 35.3550 3
15.8826 29.0628 3
14.9076 32.0238 3
20.2046 28.6451 3
21.3145 25.5163 3
10.6285 36.2561 3
10.2237 35.7157 3
15.5989 27.5563 3
11.2606 36.9917 3
15.7271 28.5681 3
9.8959 42.6758 3
16.7423 27.3794 3
16.1360 27.4504 3
21.7438 27.7585 3
10.8392 35.8161 3
19.2991 28.3619 3
10.9452 40.2589 3
20.8561 26.4939 3
11.3051 40.8382 3
14.3065 27.1608 3
14.0293 33.8731 3
11.8125 44.2216 3
17.5217 27.3051 3
12.1276 34.5057 3
10.4634 35.3343 3
12.6653 37.5556 3
12.1259 40.1692 3
16.1799 28.9261 3
12.4925 30.5407 3
15.4569 31.3984 3
11.8232 29.0388 3
11.7498 40.0592 3
11.2804 29.7964 3
19.9850 30.1709 3
11.7686 36.3253 3
10.6831 31.4108 3
20.4432 26.9727 3
18.9761 29.5671 3
22.4027 30.6470 3
13.1900 36.7444 3
18.7849 30.4140 3
17.0286 31.4403 3
15.5295 29.1430 3
14.7660 27.4387 3
12.1071 38.9190 3
23.4087 27.9614 3
14.8847 31.1236 3
13.7986 35.8226 3
17.1528 27.3286 3
16.2305 31.0119 3
13.3450 40.2716 3
15.3737 30.2270 3
11.4230 39.3196 3
7.7267 34.9866 3
11.9247 36.3078 3
24.0839 25.7570 3
14.0228 27.9048 3
24.7308 26.0289 3
12.5376 30.7270 3
18.4050 31.3477 3
16.5625 33.2491 3
20.0244 26.3383 3
18.9500 28.8124 3
13.9416 28.6084 3
12.3985 34.3919 3
19.4128 25.3364 3
13.9527 34.4323 3
12.3165 35.2871 3
6.7402 32.1634 3
11.8838 34.2634 3
9.2714 40.1406 3
20.4194 30.4489 3
13.3115 37.2011 3
13.9590 35.0560 3
18.4777 25.8694 3
22.2408 25.5879 3
13.1180 32.0183 3
15.7802 31.7914 3
16.3061 31.7653 3
14.4539 31.8392 3
16.8287 27.9822 3
26.3176 25.5298 3
20.3468 28.6748 3
15.2319 31.8190 3
12.1256 33.2837 3
12.7931 33.7778 3
11.3140 33.7232 3
10.8272 34.0601 3
17.4615 29.4436 3
19.1814 26.6403 3
24.3729 28.1211 3
13.5551 35.6304 3
17.1645 28.7917 3
11.5516 27.0524 3
21.3869 24.4048 3
14.6366 27.7594 3
12.6571 33.4595 3
22.0508 28.7227 3
14.5333 28.6746 3
24.7096 29.9690 3
17.7755 31.1234 3
8.8633 32.7981 3
18.4349 28.4662 3
12.0705 36.4783 3
13.4089 30.5946 3
13.3149 40.2918 3
14.6730 30.9381 3
10.4199 42.0569 3
12.2974 36.8828 3
20.0759 29.7562 3
16.0128 27.5323 3
9.3762 37.2259 3
13.2500 39.7908 3
14.2522 29.6191 3
23.0367 27.3687 3
11.4295 37.1175 3
22.7116 28.8186 3
21.5659 26.1916 3
9.8786 36.9677 3
23.0033 30.0680 3
16.8223 28.9495 3
13.2007 38.2630 3
7.2655 39.0545 3
19.5765 30.2342 3
10.8127 36.7556 3
12.3210 41.7805 3
13.4311 31.9605 3
21.7488 29.5364 3
17.7973 31.3537 3
25.7563 28.6143 3
14.4436 38.6393 3
13.2338 35.1043 3
10.3091 32.0760 3
15.6787 32.4085 3
11.6023 37.0451 3
24.6072 28.8062 3
17.5136 27.3379 3
12.8199 28.3733 3
13.5544 31.0148 3
13.7479 28.7134 3
13.4787 28.4802 3
9.0844 37.5510 3
17.1510 33.1466 3
13.2035 32.6000 3
12.5021 29.6686 3
14.5926 30.6382 3
18.7446 26.7929 3
12.5767 31.1246 3
18.0774 27.8289 3
22.1192 27.1615 3
21.1629 28.1950 3
11.1879 34.0193 3
12.7919 38.0522 3
10.6106 32.4280 3
10.1158 37.7325 3
23.0152 27.6881 3
18.2821 27.3156 3
19.1863 27.3225 3
12.7764 36.3884 3
14.8220 29.5022 3
12.6410 35.6745 3
19.0365 26.5771 3
12.3497 33.2972 3
11.3396 33.9467 3
11.0375 38.0356 3
21.9133 27.1744 3
15.4604 25.5290 3
12.1864 28.8518 3
13.0161 37.7706 3
13.8620 31.6739 3
18.9263 26.7325 3
22.3326 27.1686 3
11.3037 38.4169 3
20.9007 29.0197 3
18.5718 26.3388 3
13.8320 29.1993 3
7.3482 41.3592 3
19.3979 26.4992 3
15.8813 28.8174 3
10.9137 40.0644 3
19.9241 26.8049 3
9.2160 38.6159 3
18.1312 30.0722 3
12.6607 40.1111 3
14.2024 28.0243 3
17.4861 29.8097 3
12.9501 41.3252 3
15.8206 31.0301 3
15.1854 29.8585 3
8.1021 37.5053 3
17.9324 26.2105 3
11.7032 34.5129 3
19.6409 29.4915 3
13.3891 36.4985 3
13.6800 31.9305 3
12.7458 32.1766 3
17.0924 26.3148 3
15.8599 27.8777 3
16.5813 26.9072 3
20.8051 29.7231 3
15.6028 26.4980 3
20.0209 27.9480 3
15.5269 29.8575 3
15.2993 40.9446 3
20.2213 25.6823 3
13.9542 28.4782 3
15.1991 37.2892 3
9.2481 38.3828 3
8.4876 36.0704 3
15.7061 32.4161 3
12.2574 39.9380 3
15.2945 34.3411 3
15.6223 31.7752 3
9.8112 39.1291 3
8.0151 30.6466 3
17.5368 29.4313 3
17.4098 26.6882 3
19.2752 28.6257 3
16.3311 27.6095 3
15.1191 26.5292 3
18.6040 27.7531 3
11.9162 33.2237 3
14.8515 26.9706 3
16.5223 26.2268 3
21.2639 28.7923 3
12.2781 41.0002 3
15.8167 28.3396 3
21.0570 27.9819 3
14.5042 30.4530 3
13.7890 32.8892 3
8.3572 38.2367 3
14.6518 30.3321 3
15.0144 34.9064 3
20.6597 24.2228 3
19.7443 26.1068 3
13.1387 41.6049 3
16.5214 26.2065 3
12.9276 31.7231 3
12.2437 34.1006 3
12.7302 37.4419 3
16.4733 30.1394 3
11.4232 32.2290 3
9.3159 34.2743 3
13.8562 33.5422 3
22.4415 31.0762 3
12.5605 36.0148 3
12.3518 37.5072 3
10.3866 37.5807 3
18.6198 25.8861 3
15.3819 29.4688 3
10.9630 43.4327 3
13.2086 33.8016 3
15.8054 32.6311 3
15.3452 34.6102 3
14.9996 29.9578 3
11.9062 37.9392 3
15.1190 33.4145 3
10.1492 33.7334 3
11.4398 36.9860 3
15.4412 26.1424 3
25.2703 26.6454 3
12.8099 31.3270 3
12.4439 32.8557 3
10.5204 34.4426 3
19.7637 29.3618 3
12.2470 34.1797 3
13.7548 35.8493 3
18.2094 26.9377 3
14.0261 33.9824 3
10.9096 35.6474 3
15.5191 28.2668 3
14.8443 28.3775 3
14.6874 32.1757 3
15.5884 29.1739 3
9.4078 38.2661 3
14.4256 37.2021 3
11.6251 36.8251 3
22.3525 26.3122 3
13.5748 36.8150 3
12.0674 30.0414 3
14.3858 29.0079 3
19.9699 28.7002 3
14.4235 33.3440 3
10.7813 35.4394 3
11.4861 39.3551 3
15.4799 28.9791 3
17.4717 31.5335 3
17.0249 31.0846 3
17.5131 27.3028 3
19.6291 29.1178 3
14.7371 27.5285 3
14.1187 31.2422 3
12.9647 33.8692 3
22.1423 27.3794 3
13.1633 28.7948 3
19.6064 27.6940 3
18.2139 28.8841 3
15.0556 37.5724 3
9.8791 41.0959 3
13.8959 29.2909 3
10.8013 30.8913 3
15.0583 31.1390 3
14.1070 30.2307 3
12.6690 30.5754 3
20.6173 29.5423 3
20.1787 27.4291 3
23.0294 29.3314 3
14.2221 34.4132 3
15.4804 27.8957 3
10.5744 33.1947 3
23.0838 25.3889 3
17.3434 26.2912 3
9.6949 39.1284 3
11.2959 36.8420 3
17.7044 30.3217 3
19.3342 27.1066 3
14.7119 31.0210 3
14.0827 34.7216 3
18.0036 29.4301 3
17.3013 27.8327 3
14.7405 29.8614 3
13.9018 31.9934 3
21.8803 25.0901 3
16.0831 28.9260 3
22.2839 27.8852 3
15.9833 24.7047 3
12.9535 29.8649 3
13.9345 27.6246 3
12.3057 36.9264 3
15.5321 29.8716 3
16.3054 29.3471 3
14.6701 28.1075 3
21.7126 29.2332 3
13.5510 32.8985 3
12.1348 33.9649 3
12.0209 35.7822 3
16.1993 27.9189 3
12.5036 37.2964 3
10.0851 35.9124 3
12.5279 31.7065 3
14.2943 33.4200 3
9.5965 36.6512 3
24.8203 27.0485 3
20.3299 25.6265 3
13.2327 33.0132 3
16.5426 28.3651 3
11.4959 40.3304 3
15.1689 34.3318 3
10.2331 37.3723 3
20.4838 26.6605 3
13.4618 34.3087 3
13.2504 28.0960 3
16.5547 28.4686 3
25.6994 27.5722 3
10.7443 31.4679 3
10.3446 37.3639 3
11.1274 33.5610 3
12.0050 37.0226 3
17.5322 27.2094 3
10.4744 35.0301 3
12.8883 34.7761 3
13.9495 30.5975 3
23.4731 25.8603 3
8.7989 36.6468 3
15.9395 24.7737 3
13.6513 33.5430 3
11.6676 33.1709 3
16.1384 31.0504 3
15.4851 27.9288 3
12.2838 32.5388 3
10.5957 32.4693 3
12.8432 32.5230 3
13.6335 30.8044 3
25.1802 26.9570 3
20.6357 29.0605 3
11.8552 35.7398 3
21.9213 27.4576 3
11.9977 37.7240 3
16.4350 33.2976 3
17.2994 29.0412 3
14.4088 41.7838 3
11.4324 37.5259 3
17.2895 26.9109 3
11.0046 38.2513 3
9.3121 35.0276 3
11.8223 32.1693 3
8.0935 36.9656 3
10.5042 32.8800 3
22.5275 26.5593 3
22.6079 30.5998 3
18.0424 26.1913 3
15.1012 29.1858 3
12.7189 37.1529 3
15.0353 32.8377 3
16.0982 30.6463 3
13.1829 29.8424 3
11.3464 34.5539 3
14.9403 31.7366 3
12.1459 38.4740 3
13.4530 28.8418 3
11.4260 37.3866 3
14.5320 37.3818 3
17.3423 26.0645 3
17.0907 27.1378 3
10.9159 37.1947 3
16.5787 28.5338 3
14.9713 32.1447 3
10.4393 38.8908 3
17.3794 26.8473 3
10.7275 37.8259 3
9.3894 35.0543 3
21.0443 30.4878 3
14.6078 30.7962 3
10.8398 36.5241 3
8.0650 35.2933 3
18.9817 27.2844 3
23.8273 28.0897 3
12.6453 32.4184 3
21.5746 25.9822 3
12.8710 37.3810 3
12.3803 33.9755 3
20.9748 28.8761 3
14.0071 29.0771 3
19.6641 24.9227 3
8.4393 36.8359 3
24.5652 26.1692 3
14.7033 33.0278 3
19.6587 28.1192 3
10.3764 36.1798 3
12.3999 35.2927 3
18.3142 29.3384 3
23.6898 28.1587 3
9.9309 37.9837 3
17.9849 27.4049 3
17.8637 31.6183 3
10.5396 34.7784 3
19.2233 24.8855 3
10.8137 37.7017 3
11.3026 33.7681 3
11.4900 38.6019 3
22.8063 28.5980 3
7.1952 38.9037 3
15.8923 27.8824 3
14.3433 32.0755 3
12.9112 30.0277 3
17.4975 30.0947 3
24.0379 29.7187 3
25.1974 27.3474 3
17.3869 30.6588 3
25.4776 28.5787 3
11.8727 31.2885 3
11.7444 35.4005 3
12.3670 41.3248 3
10.7267 36.1457 3
12.5866 27.9189 3
14.1296 36.4196 3
15.9714 31.5710 3
13.6050 31.5137 3
24.9287 28.2550 3
21.1084 28.3102 3
8.7471 37.4936 3
16.5621 26.6364 3
7.4656 36.1183 3
25.3025 25.6900 3
10.0987 33.5935 3
13.3295 31.0462 3
13.9349 29.9994 3
13.2566 30.6789 3
13.7872 32.7966 3
16.2759 28.5500 3
15.4860 34.1395 3
11.7828 31.4934 3
11.2587 35.9927 3
11.0889 34.0398 3
15.1192 32.5810 3
24.5167 27.7785 3
18.2615 28.9080 3
13.8253 31.1025 3
11.6918 36.0015 3
12.5450 35.0780 3
10.2295 34.6358 3
14.8973 32.5767 3
13.6212 35.1948 3
10.3046 36.9852 3
16.3250 26.1259 3
24.6585 30.7997 3
15.6274 32.9151 3
13.3717 26.7539 3
10.1694 31.8280 3
13.4692 38.2466 3
15.0941 41.2726 3
21.0187 27.6082 3
11.4152 36.6850 3
17.9057 29.0864 3
12.9795 39.8776 3
17.2934 26.9382 3
11.9155 34.2346 3
12.3118 38.5048 3
16.7698 27.2000 3
14.3799 26.6935 3
15.4318 31.4310 3
17.9230 27.5357 3
9.2541 35.0636 3
14.4447 27.8999 3
21.1946 25.3930 3
24.3496 28.3069 3
8.8916 40.7711 3
10.6855 35.3295 3
17.7082 27.7150 3
14.4883 41.8580 3
11.7601 32.5173 3
19.4538 30.2012 3
24.8985 24.9288 3
13.1766 35.1525 3
13.5852 33.1212 3
18.8601 25.9266 3
17.8329 25.8010 3
13.6581 38.3854 3
14.4278 30.8539 3
12.1104 30.8710 3
19.7699 28.6358 3
22.0776 27.0337 3
18.7602 28.4343 3
23.3913 27.1377 3
13.3399 31.4514 3
17.9397 28.9045 3
12.3510 29.3867 3
16.1110 29.7407 3
10.2996 37.2339 3
23.0106 29.2378 3
15.8535 31.6129 3
10.7269 38.1471 3
11.9686 32.1263 3
25.5610 26.7515 3
12.3333 39.5069 3
18.6535 24.6654 3
17.7792 32.3975 3
14.2562 32.5372 3
19.3772 28.5332 3
23.5874 24.9094 3
15.6987 26.9618 3
17.7527 29.4257 3
10.9885 35.4703 3
15.5189 33.2839 3
13.9741 38.0252 3
21.3201 28.6865 3
14.7246 34.0509 3
10.4711 36.8414 3
12.6558 31.5627 3
15.9318 30.5736 3
22.2734 32.0856 3
13.0284 31.9432 3
13.1398 38.4208 3
14.8709 29.9580 3
20.6520 29.9229 3
10.9444 30.0556 3
20.1103 26.6298 3
12.9588 33.7942 3
10.4557 40.8382 3
17.8974 27.4480 3
16.3969 30.9425 3
20.7985 26.0309 3
11.0018 42.0293 3
13.3148 32.9793 3
20.0126 26.4932 3
8.6961 39.1040 3
9.5342 32.1665 3
11.8196 35.2931 3
21.5890 30.2397 3
20.6772 28.6772 3
12.8517 37.8600 3
10.8156 29.8542 3
10.3355 37.2133 3
21.8540 25.6920 3
22.3530 28.1150 3
